59,9
4294967279,438
59,8
59,7
59,6
59,5
58,7
58,6
58,5
59,4
59,3
59,2
59,1
4294967294,430
58,4
58,3
58,2
58,1
4294967278,357
4294967278,356
4294967279,437
4294967278,355
4294967279,436
4294967278,354
4294967279,435
57,9
57,8
57,7
57,6
57,5
56,7
56,6
56,5
4294967278,353
4294967279,434
4294967278,352
4294967279,433
57,4
57,3
57,2
57,1
4294967279,432
4294967278,351
56,4
56,3
56,2
56,1
4294967279,431
4294967278,350
4294967279,430
4294967279,429
4294967278,349
4294967278,348
4294967278,347
4294967279,428
4294967279,427
55,9
4294967278,346
55,8
55,7
55,6
55,5
54,7
4294967278,345
54,6
54,5
4294967279,426
4294967279,425
55,4
55,3
55,2
55,1
4294967279,424
4294967278,344
4294967279,423
54,4
54,3
54,2
54,1
4294967279,422
4294967278,343
4294967279,421
4294967278,342
4294967279,420
53,4
53,3
53,2
53,1
4294967278,341
4294967279,419
52,4
52,3
52,2
52,1
51,4
51,3
51,2
51,1
50,4
50,3
50,2
50,1
4294967279,418
4294967278,340
4294967279,417
4294967279,416
4294967278,339
4294967278,338
49,4
49,3
49,2
49,1
4294967279,415
4294967278,337
48,4
48,3
48,2
48,1
4294967278,336
4294967279,414
4294967279,413
4294967279,412
4294967278,335
4294967278,334
47,4
47,3
47,2
47,1
46,4
46,3
46,2
46,1
4294967279,411
4294967279,410
4294967279,409
4294967278,333
4294967278,332
4294967279,408
4294967279,407
4294967278,331
45,4
45,3
45,2
45,1
44,4
44,3
44,2
44,1
4294967278,330
4294967279,406
4294967278,329
4294967279,405
43,4
43,3
43,2
43,1
42,4
42,3
42,2
42,1
4294967294,471
4294967278,328
4294967293,131
4294967293,130
4294967293,129
4294967293,128
4294967293,127
4294967293,126
4294967293,125
4294967293,124
4294967293,123
4294967293,122
4294967293,121
4294967293,120
4294967293,119
4294967293,118
4294967293,117
4294967293,116
4294967293,115
4294967293,114
4294967293,113
4294967293,112
4294967293,111
4294967293,110
4294967293,109
4294967293,108
4294967293,107
4294967293,106
4294967293,105
4294967293,104
4294967293,103
4294967293,102
4294967293,101
4294967293,100
4294967293,99
4294967293,98
4294967293,97
4294967293,96
4294967293,95
4294967293,94
4294967293,93
4294967293,92
4294967293,91
4294967293,90
4294967293,89
4294967293,88
4294967293,87
4294967293,86
4294967293,85
4294967293,84
4294967293,83
4294967293,82
4294967293,81
4294967293,80
4294967293,79
4294967293,78
4294967293,77
4294967293,76
4294967293,75
4294967293,74
4294967293,73
4294967293,72
4294967293,71
4294967293,70
4294967293,69
4294967293,68
4294967293,67
4294967293,66
4294967293,65
4294967293,64
4294967293,63
4294967293,62
4294967293,61
4294967293,60
4294967293,59
4294967293,58
4294967293,57
4294967293,56
4294967293,55
4294967293,54
4294967293,53
4294967293,52
4294967293,51
4294967293,50
4294967293,49
4294967293,48
4294967293,47
4294967293,46
4294967293,45
4294967293,44
4294967293,43
4294967293,42
4294967293,41
4294967293,40
4294967293,39
4294967293,38
4294967293,37
4294967293,36
4294967293,35
4294967293,34
4294967293,33
4294967293,32
4294967293,31
4294967293,30
4294967293,29
4294967293,28
4294967293,27
4294967293,26
4294967293,25
4294967293,24
4294967293,23
4294967293,22
4294967293,21
4294967293,20
4294967293,19
4294967293,18
4294967293,17
4294967293,16
4294967293,15
4294967293,14
4294967293,13
4294967293,12
4294967293,11
4294967293,10
4294967293,9
4294967293,8
4294967293,7
4294967293,6
4294967293,5
4294967293,4
4294967293,3
4294967293,2
4243767290,0
4243767289,0
4243767288,0
4243767287,0
4243767286,0
4243767285,0
4243767284,0
4243767283,0
4243767282,0
4243767281,0
4294967293,0
4294967279,59
4294967279,173
4294967279,319
4294967279,385
4294967279,384
4294967279,60
4294967279,175
4294967279,176
4294967279,177
4294967279,386
4294967279,61
4294967279,62
4294967279,63
4294967279,178
4294967279,387
4294967279,388
4294967279,179
4294967279,180
4294967279,64
4294967279,65
4294967279,181
4294967279,389
4294967279,66
